{
  "advancedEditorSelectedIdentifier" : "ProjectBrowser",
  "openSceneRelativePaths" : [
    "ManulScene.usda"
  ],
  "recentIdentifiers" : {
    "4370F053-6FDC-48C3-98F3-D600EE433637" : [

    ],
    "B824B7CA-6EE4-4F5A-9415-4CC58C66E868" : [

    ]
  },
  "sceneCameraHistory" : {
    "4370F053-6FDC-48C3-98F3-D600EE433637" : [
      {
        "date" : 794052941.569253,
        "title" : "Untitled",
        "transform" : [
          0.99992245,
          1.4870992e-05,
          0.0124526005,
          0,
          -0.012445522,
          0.034899555,
          0.99931335,
          0,
          -0.00041972718,
          -0.99939084,
          0.034897044,
          0,
          0.034437716,
          -0.69420904,
          0.057940237,
          1
        ]
      },
      {
        "date" : 794052186.668274,
        "title" : "Untitled",
        "transform" : [
          0.99992245,
          1.4870992e-05,
          0.0124526005,
          0,
          -0.012445522,
          0.034899555,
          0.99931335,
          0,
          -0.00041972718,
          -0.99939084,
          0.034897044,
          0,
          0.21785578,
          -0.6929129,
          0.09726178,
          1
        ]
      },
      {
        "date" : 794052161.712486,
        "title" : "Untitled",
        "transform" : [
          0.99992245,
          1.4870992e-05,
          0.0124526005,
          0,
          -0.012445522,
          0.034899555,
          0.99931335,
          0,
          -0.00041972718,
          -0.99939084,
          0.034897044,
          0,
          0.21591933,
          -0.6922072,
          0.117446356,
          1
        ]
      },
      {
        "date" : 794051085.347438,
        "title" : "Untitled",
        "transform" : [
          0.99992245,
          1.4870992e-05,
          0.0124526005,
          0,
          -0.012445522,
          0.034899555,
          0.99931335,
          0,
          -0.00041972718,
          -0.99939084,
          0.034897044,
          0,
          0.039278563,
          -0.695397,
          0.023972744,
          1
        ]
      },
      {
        "date" : 794051082.391959,
        "title" : "Untitled",
        "transform" : [
          0.9999717,
          1.4870992e-05,
          0.0075242626,
          0,
          -0.007520186,
          0.034899555,
          0.9993626,
          0,
          -0.00024772956,
          -0.99939084,
          0.03489869,
          0,
          0.04603163,
          -0.81252074,
          0.02778387,
          1
        ]
      },
      {
        "date" : 794036682.854373,
        "title" : "Untitled",
        "transform" : [
          0.9991451,
          1.4870992e-05,
          0.04134125,
          0,
          -0.041316584,
          0.034899555,
          0.99853647,
          0,
          -0.001427942,
          -0.99939084,
          0.03487034,
          0,
          3.7723656,
          -68.01478,
          2.4547367,
          1
        ]
      },
      {
        "date" : 794036460.379058,
        "title" : "Untitled",
        "transform" : [
          0.9991451,
          1.4870992e-05,
          0.04134125,
          0,
          -0.041316584,
          0.034899555,
          0.99853647,
          0,
          -0.001427942,
          -0.99939084,
          0.03487034,
          0,
          7.6687527,
          -67.903694,
          5.7981358,
          1
        ]
      },
      {
        "date" : 794027992.466328,
        "title" : "Untitled",
        "transform" : [
          0.9991451,
          1.4870992e-05,
          0.04134125,
          0,
          -0.041316584,
          0.034899496,
          0.99853647,
          0,
          -0.0014279395,
          -0.99939084,
          0.03487028,
          0,
          6.9892435,
          -68.22077,
          -3.3174348,
          1
        ]
      },
      {
        "date" : 794025622.677666,
        "title" : "Untitled",
        "transform" : [
          0.99994737,
          1.487204e-05,
          -0.010259239,
          0,
          0.009841597,
          0.28103173,
          0.9596481,
          0,
          0.0028974435,
          -0.9596985,
          0.2810168,
          0,
          6.983053,
          -66.99199,
          13.313139,
          1
        ]
      },
      {
        "date" : 794025612.100443,
        "title" : "Untitled",
        "transform" : [
          0.99994737,
          1.487204e-05,
          -0.010259239,
          0,
          0.009841597,
          0.28103173,
          0.9596481,
          0,
          0.0028974435,
          -0.9596985,
          0.2810168,
          0,
          0.022131361,
          -67.080536,
          13.082411,
          1
        ]
      }
    ],
    "B824B7CA-6EE4-4F5A-9415-4CC58C66E868" : [
      {
        "date" : 793451010.853121,
        "title" : "Untitled",
        "transform" : [
          0.9999387,
          -0.0004217315,
          0.011061944,
          0,
          -0.011040492,
          0.03489705,
          0.9993299,
          0,
          -0.0008074787,
          -0.99939084,
          0.034890287,
          0,
          0.102726795,
          -0.8647413,
          0.32805178,
          1
        ]
      },
      {
        "date" : 793451008.930408,
        "title" : "Untitled",
        "transform" : [
          0.9999387,
          -0.0004217315,
          0.011061944,
          0,
          -0.011040492,
          0.03489705,
          0.9993299,
          0,
          -0.0008074787,
          -0.99939084,
          0.034890287,
          0,
          0.114076056,
          -0.8624271,
          0.39460286,
          1
        ]
      },
      {
        "date" : 793451006.95561,
        "title" : "Untitled",
        "transform" : [
          0.9999387,
          -0.0004217315,
          0.011061944,
          0,
          -0.011040492,
          0.03489705,
          0.9993299,
          0,
          -0.0008074787,
          -0.99939084,
          0.034890287,
          0,
          0.11390099,
          -1.0791066,
          0.40216744,
          1
        ]
      },
      {
        "date" : 793450991.354098,
        "title" : "Untitled",
        "transform" : [
          0.9999387,
          -0.0004217315,
          0.011061944,
          0,
          -0.011040492,
          0.03489705,
          0.9993299,
          0,
          -0.0008074787,
          -0.99939084,
          0.034890287,
          0,
          0.7994695,
          -8.66905,
          1.9193188,
          1
        ]
      },
      {
        "date" : 793450990.134948,
        "title" : "Untitled",
        "transform" : [
          0.9999387,
          -0.0004217315,
          0.011061944,
          0,
          -0.011040492,
          0.03489705,
          0.9993299,
          0,
          -0.0008074787,
          -0.99939084,
          0.034890287,
          0,
          0.7994143,
          -8.668876,
          1.9243155,
          1
        ]
      },
      {
        "date" : 793450880.993147,
        "title" : "Untitled",
        "transform" : [
          0.9999387,
          -0.0004217315,
          0.011061944,
          0,
          -0.011040492,
          0.03489705,
          0.9993299,
          0,
          -0.0008074787,
          -0.99939084,
          0.034890287,
          0,
          0.7994143,
          -8.668876,
          1.9243155,
          1
        ]
      },
      {
        "date" : 793450879.467177,
        "title" : "Untitled",
        "transform" : [
          0.9999387,
          -0.0004217315,
          0.011061944,
          0,
          -0.011040492,
          0.03489705,
          0.9993299,
          0,
          -0.0008074787,
          -0.99939084,
          0.034890287,
          0,
          0.29664302,
          -8.681395,
          1.5541,
          1
        ]
      },
      {
        "date" : 793450865.639267,
        "title" : "Untitled",
        "transform" : [
          0.9999387,
          -0.0004217315,
          0.011061944,
          0,
          -0.011040492,
          0.03489705,
          0.9993299,
          0,
          -0.0008074787,
          -0.99939084,
          0.034890287,
          0,
          0.29664302,
          -8.681395,
          1.5541,
          1
        ]
      },
      {
        "date" : 793450859.355607,
        "title" : "Untitled",
        "transform" : [
          0.9999387,
          -0.0004217315,
          0.011061944,
          0,
          -0.011040492,
          0.03489705,
          0.9993299,
          0,
          -0.0008074787,
          -0.99939084,
          0.034890287,
          0,
          7.0919695,
          -8.59042,
          4.3172307,
          1
        ]
      },
      {
        "date" : 793450848.272209,
        "title" : "Untitled",
        "transform" : [
          0.9999387,
          -0.0004217315,
          0.011061944,
          0,
          -0.011040492,
          0.03489705,
          0.9993299,
          0,
          -0.0008074787,
          -0.99939084,
          0.034890287,
          0,
          7.0919695,
          -8.59042,
          4.3172307,
          1
        ]
      }
    ]
  },
  "sceneViewportBackgroundColors" : {

  },
  "selectedSceneRelativePath" : "Scene.usda"
}